pedestrian 0.837572 769.203 200.097 28.3776 59.2704
pedestrian 0.701574 740.884 190.383 20.7042 40.4612
pedestrian 0.65103 621.167 196.283 15.6406 43.0494
pedestrian 0.57166 699.172 196.067 13.6993 41.2693
pedestrian 0.510516 636.978 193.164 11.2963 30.2422
pedestrian 0.479932 817.17 213.872 36.636 88.5134
pedestrian 0.400969 717.23 186.348 13.3672 25.4306
vehicle 0.957929 85.3364 205.559 170.42 204.8
vehicle 0.952345 218.384 196.381 134.764 107.535
vehicle 0.933686 413.482 193.768 61.2328 56.2119
vehicle 0.926728 300.985 198.087 41.6018 55.7355
vehicle 0.894398 530.887 189.574 52.6667 45.8697
vehicle 0.829945 329.436 190.554 42.772 49.7817
vehicle 0.784488 349.037 186.836 43.0095 41.2531
vehicle 0.670371 471.643 184.275 18.8526 17.8961
vehicle 0.59876 446.141 179.203 25.1967 33.899
vehicle 0.571084 385.016 179.449 11.2963 13.0968
vehicle 0.798071 496.338 179.514 33.9156 40.5266
