pedestrian 0.58951 622.925 290.486 10.2004 24.1498
vehicle 0.925706 441.529 280.873 55.2389 42.5848
vehicle 0.916012 308.629 304.447 56.8256 83.1871
vehicle 0.913394 156.91 317.762 267.626 251.484
vehicle 0.890943 503.538 282.375 33.429 20.5039
vehicle 0.756998 390.88 275.029 19.6391 14.4023
vehicle 0.67789 473.726 279.529 14.5065 16.4177
vehicle 0.644048 487.208 279.852 24.0905 19.9566
vehicle 0.531272 415.626 278.379 12.7658 17.5662
vehicle 0.481993 330.74 270.202 11.1301 9.69099
vehicle 0.885554 794.412 262.698 329.533 247.039
vehicle 0.819063 356.925 266.02 27.0052 26.4391
road_sign 0.842744 26.6422 180.413 17.0468 37.4138
road_sign 0.766606 644.695 183.712 9.13901 20.8463
road_sign 0.581441 368.148 188.485 7.10447 15.3811
road_sign 0.69471 289.523 194.265 8.8101 20.1302
road_sign 0.710765 378.799 189.084 7.96409 16.2265
road_sign 0.676182 631.564 183.846 9.25783 20.7135
road_sign 0.898934 930.016 91.4154 41.443 45.4559
road_sign 0.846405 927.378 130.513 34.7063 34.9153
road_sign 0.801273 12.4665 150.428 15.4425 14.8573
road_sign 0.469779 218.308 191.493 8.0754 16.0171
road_sign 0.437483 9.37781 121.072 16.8492 32.656
