vehicle 0.918326 497.837 352.87 73.5199 58.189
vehicle 0.908654 584.38 345.179 70.4944 59.1971
vehicle 0.847962 450.542 334.323 41.8533 34.4249
vehicle 0.841553 425.525 329.791 26.159 27.4279
vehicle 0.835792 165.228 337.022 93.48 41.12
vehicle 0.739113 320.96 327.936 40.8987 23.0283
vehicle 0.715537 287.774 326.976 29.423 20.0204
vehicle 0.692921 542.264 340.924 26.8668 24.9976
vehicle 0.641555 220.204 326.645 42.084 20.3218
vehicle 0.529947 366.395 322.779 19.5812 13.5742
vehicle 0.498155 405.777 322.761 18.4629 12.6407
vehicle 0.437117 7.84579 340.854 16.3298 44.2002
road_sign 0.56604 398.566 275.933 10.4538 14.4938
road_sign 0.532845 485.894 278.095 7.08417 11.7143
road_sign 0.449069 105.457 300.293 11.7931 10.7828
road_sign 0.415437 483.76 298.908 6.37899 8.04233
road_sign 0.700456 675.947 242.593 17.8083 19.7209
road_sign 0.673916 686.397 261.097 17.5893 13.9659
road_sign 0.596195 589.165 282.294 14.4372 7.12309
road_sign 0.56494 110.475 281.137 19.0691 7.82047
road_sign 0.557402 542.589 302.633 12.9566 5.88217
road_sign 0.430848 668.564 258.158 13.2521 8.69294
