vehicle 0.942098 643.731 247.865 117.335 78.9176
vehicle 0.934122 861.685 243.42 194.855 131.143
vehicle 0.887892 565.344 220.658 41.6106 34.5844
vehicle 0.865451 180.506 229.076 59.1431 39.5217
vehicle 0.833965 136.979 236.754 62.942 38.438
vehicle 0.82572 54.7189 249.187 109.552 70.5913
vehicle 0.81193 324.042 221.64 55.6024 35.5145
vehicle 0.780502 539.258 211.784 20.257 17.6245
vehicle 0.751479 432.829 215.392 30.6468 19.4915
vehicle 0.713042 313.078 179.099 29.5362 23.1295
vehicle 0.677655 377.322 216.303 19.5542 13.1912
vehicle 0.609719 264.353 186.091 59.5872 34.2772
vehicle 0.573344 510.007 208.963 13.2914 9.19595
vehicle 0.57274 268.213 223.593 59.1015 34.5178
vehicle 0.484985 483.025 207.655 21.1868 14.9053
vehicle 0.470708 467.023 208.838 14.8351 11.29
vehicle 0.468676 524.461 207.507 12.523 9.8479
vehicle 0.460849 414.641 213.992 21.9366 14.3194
vehicle 0.429043 395.055 207.372 26.6758 27.6715
road_sign 0.513581 544.199 188.813 6.2674 7.89082
road_sign 0.492091 560.442 181.844 6.28961 8.22962
road_sign 0.464081 491.288 192.591 6.69074 8.89009
road_sign 0.519027 708.771 162.311 18.8442 8.14762
