vehicle 0.941147 743.389 367.859 125.205 75.2007
vehicle 0.924148 232.953 353.177 73.7426 48.5073
vehicle 0.920565 101.709 373.287 94.7682 63.5774
vehicle 0.920001 291.333 350.955 51.1782 33.4677
vehicle 0.915693 650.686 357.087 101.971 52.5081
vehicle 0.914842 506.026 364.792 81.181 75.121
vehicle 0.894533 160.715 356.019 78.625 48.8955
vehicle 0.877855 334.412 343.409 40.3314 31.834
vehicle 0.851012 30.8246 383.467 61.6262 98.9924
vehicle 0.786328 389.668 339.74 29.2276 20.1921
vehicle 0.721524 589.693 336.129 24.4269 17.5871
vehicle 0.686006 357.888 341.197 16.1292 19.5212
vehicle 0.646033 370.191 338.263 20.4043 18.1554
vehicle 0.550632 429.771 336.208 17.8602 14.0608
vehicle 0.533907 404.695 337.025 17.8492 18.8935
vehicle 0.467472 419.603 335.231 12.5598 13.6624
vehicle 0.463563 449.862 333.484 14.0139 12.384
vehicle 0.446393 564.467 332.034 17.9818 12.8679
vehicle 0.446338 534.603 329.993 12.5375 9.82594
vehicle 0.421163 434.609 334.514 19.7453 13.1453
