vehicle 0.874828 294.714 281.484 83.1522 44.0493
vehicle 0.817777 471.196 276.736 19.4512 17.4617
vehicle 0.781542 197.939 303.664 123.653 74.9418
vehicle 0.766594 505.469 277.083 17.3265 15.0462
vehicle 0.714037 338.539 273.812 32.6471 28.1778
vehicle 0.678053 254.491 273.364 47.3788 32.4059
vehicle 0.669046 361.928 273.276 24.1337 23.5966
vehicle 0.656981 398.619 268.316 18.6552 12.4711
vehicle 0.618115 433.711 268.648 16.6345 11.2757
vehicle 0.590218 417.265 269.573 18.2939 10.6244
vehicle 0.581349 515.024 273.039 13.9872 16.6555
vehicle 0.532528 561.882 269.96 10.5141 7.62579
vehicle 0.44011 482.303 268.87 10.9078 7.19786
road_sign 0.933883 517.367 116.313 133.189 73.8916
road_sign 0.792291 226.639 209.709 21.7947 19.0138
road_sign 0.72355 139.497 224.941 24.4779 19.8999
road_sign 0.685971 226.269 185.455 22.941 22.9561
road_sign 0.65317 393.169 231.022 11.9147 18.7802
road_sign 0.513371 535.168 238.918 12.9239 14.1306
