vehicle 0.90244 824.633 269.439 271.467 169.545
vehicle 0.90202 613.82 203.701 87.2275 70.1424
vehicle 0.817605 292.269 212.589 63.599 49.8619
vehicle 0.7979 225.546 225.546 91.8284 59.0597
vehicle 0.760417 105.057 243.964 190.432 84.9332
vehicle 0.757275 501.499 195.8 23.391 18.6923
vehicle 0.689767 540.326 196.381 18.3668 15.849
vehicle 0.687663 392.664 203.97 20.4272 26.3663
vehicle 0.687326 443.034 200.009 19.023 14.9179
vehicle 0.676423 335.565 212.056 35.5379 35.2463
vehicle 0.630468 417.334 199.884 33.8853 24.7331
vehicle 0.624211 363.816 202.969 39.0646 38.62
vehicle 0.605377 568.195 201.884 22.1538 31.2749
vehicle 0.563348 558.617 197.84 22.5542 27.1246
vehicle 0.460372 474.703 192.23 11.5209 10.8666
road_sign 0.431681 496.012 175.447 6.7062 7.96633
road_sign 0.425818 518.471 176.377 5.92629 8.11402
road_sign 0.760056 686.32 118.347 21.2924 9.81948
road_sign 0.686675 674.211 131.558 29.6524 11.8366
road_sign 0.481872 675.762 142.726 13.0275 12.5283
