vehicle 0.908482 865.844 239.698 186.957 163.812
vehicle 0.852983 307.631 215.425 144.532 115.031
vehicle 0.848961 417.409 205.913 66.7826 47.9026
vehicle 0.792611 160.665 252.982 312.62 169.928
vehicle 0.567689 453.684 200.182 31.8873 34.3528
vehicle 0.519046 484.896 195.617 16.3732 16.5291
vehicle 0.512931 520.282 195.048 17.2718 13.5243
vehicle 0.491988 470.196 198.436 21.0146 22.8515
vehicle 0.420956 500.99 194.141 11.3155 11.5059
bicycle 0.786952 689.145 226.896 81.2681 40.695
road_sign 0.515392 501.334 174.528 6.65989 8.71806
