vehicle 0.874042 359.387 201.407 54.7493 40.3028
vehicle 0.694824 313.871 204.753 54.0693 31.9214
road_sign 0.546454 522.835 160.179 7.79449 8.8342
road_sign 0.544983 215.651 162.883 11.2643 12.1234
road_sign 0.534953 616.515 156.153 13.9775 15.1891
road_sign 0.521004 620.722 129.713 12.9179 22.2204
road_sign 0.47466 461.263 161.576 6.69847 7.82515
road_sign 0.466088 493.551 59.1294 10.1645 22.5571
road_sign 0.431511 511.578 167.227 7.31898 8.75834
road_sign 0.717029 708.974 145.576 25.9025 9.56794
road_sign 0.571535 578.465 119.125 15.7844 8.56311
road_sign 0.522624 571.003 149.444 10.4642 8.07095
road_sign 0.431604 102.662 149.199 13.1767 20.2348
