vehicle 0.956406 817.905 258.758 281.525 222.774
vehicle 0.937466 625.588 201.386 133.48 111.638
vehicle 0.924725 666.718 235.736 126.087 96.8226
vehicle 0.917778 310.813 220.12 94.4619 67.384
vehicle 0.917208 208.86 233.607 207.191 119.17
vehicle 0.737195 360.12 209.829 64.6305 57.0093
vehicle 0.721235 548.456 205.553 36.4734 34.383
vehicle 0.663116 428.574 201.07 27.9258 28.6667
vehicle 0.628537 412.094 203.057 33.2179 33.6204
vehicle 0.614412 396.974 206.048 37.7186 40.1108
vehicle 0.551374 518.909 198.266 22.2327 27.0278
vehicle 0.49669 445.824 198.829 16.8467 18.5812
vehicle 0.470346 531.091 201.269 26.6221 33.1796
vehicle 0.470298 460.524 196.976 17.294 15.4004
vehicle 0.451546 498.827 196.69 16.3475 16.9961
road_sign 0.79724 349.552 158.923 22.5026 22.7648
road_sign 0.64366 548.419 175.782 12.1406 15.2465
