pedestrian 0.768847 873.236 434.538 17.1109 47.4284
pedestrian 0.725241 898.647 436.171 19.2239 51.3708
pedestrian 0.612183 50.7612 437.895 12.075 31.3534
pedestrian 0.485669 785.632 439.334 21.8755 49.6133
pedestrian 0.419878 918.624 430.918 16.9386 47.4946
pedestrian 0.415214 585.048 442.632 11.883 29.0412
vehicle 0.918797 687.349 433.673 116.51 107.612
vehicle 0.916896 360.371 448.533 97.1248 41.4052
vehicle 0.738592 415.047 444.614 21.2862 12.7894
vehicle 0.400142 759.623 440.676 42.63 24.4602
vehicle 0.888241 626.633 421.4 87.278 89.0107
vehicle 0.637641 848.436 432.927 94.9966 40.5646
road_sign 0.627858 453.03 387.107 7.36817 15.8791
road_sign 0.572637 602.728 363.47 7.3576 16.4987
road_sign 0.410641 561.506 416.369 5.08217 7.50696
road_sign 0.48879 594.036 363.633 7.18811 15.8096
road_sign 0.808006 686.886 371.831 12.3626 14.0375
road_sign 0.78601 842.068 327.798 31.0321 12.7914
road_sign 0.774145 733.919 366.928 31.3302 8.995
road_sign 0.766472 848.71 287.801 33.0845 65.9077
road_sign 0.570392 715.35 387.593 20.1369 6.59023
