pedestrian 0.725372 724.599 453.148 26.0086 66.7074
pedestrian 0.723642 331.871 453.888 14.003 42.0415
pedestrian 0.707659 685.126 450.378 15.7813 42.4381
pedestrian 0.691672 353.812 454.022 12.6321 41.2508
pedestrian 0.685885 658.96 447.046 11.2899 33.7923
pedestrian 0.493658 310.257 452.955 12.4644 35.831
pedestrian 0.493465 322.342 451.201 12.4236 35.9422
pedestrian 0.450252 316.34 451.426 18.2379 38.3947
pedestrian 0.429883 340.355 454.447 14.7039 41.1395
vehicle 0.920884 409.246 444.915 107.866 57.7525
vehicle 0.910781 797.014 444.182 131.717 80.9783
vehicle 0.899395 895.479 444.482 129.17 99.2724
vehicle 0.890615 490.878 448.585 30.9713 26.6393
vehicle 0.863168 561.501 449.004 37.8396 29.6875
vehicle 0.825395 259.761 453.769 89.6946 36.3304
vehicle 0.722394 539.875 449.032 14.7076 19.1763
vehicle 0.662921 67.6765 455.853 142.347 26.3493
vehicle 0.659818 530.303 446.293 12.7796 16.4278
vehicle 0.635215 464.916 448.218 21.4228 20.8031
vehicle 0.519631 583.539 444.818 13.0002 12.1882
vehicle 0.870278 603.06 439.429 27.9 33.7633
road_sign 0.605813 612.607 370.083 7.02822 16.343
road_sign 0.477668 490.557 379.444 5.86246 14.3926
road_sign 0.462192 606.707 369.956 7.19692 15.6646
road_sign 0.784585 753.145 335.539 26.0306 11.0461
road_sign 0.688766 708.673 387.983 23.6498 8.51039
road_sign 0.544388 658.249 377.395 14.8275 15.3233
road_sign 0.522909 268.406 394.071 22.28 8.18614
road_sign 0.433799 771.75 369.469 26.1776 8.50362
road_sign 0.410581 759.668 357.587 15.0765 12.2527
