vehicle 0.941958 133.609 218.054 150.534 122.688
vehicle 0.936163 791.05 204.927 339.431 158.832
vehicle 0.928797 588.746 179.768 170.645 91.7885
vehicle 0.915484 494.507 171.732 92.6144 58.837
vehicle 0.906901 443.771 169.148 66.7788 54.6781
vehicle 0.904973 195.575 198.242 84.1454 83.0311
vehicle 0.860125 72.2104 253.499 144.935 266.862
vehicle 0.851945 250.683 189.065 29.3001 36.564
vehicle 0.81208 231.879 194.104 43.2356 62.634
vehicle 0.804355 364.745 167.615 33.0484 27.3671
vehicle 0.778318 408.258 175.608 27.7997 33.9199
vehicle 0.748206 274.421 180.383 27.3378 21.5483
vehicle 0.682344 394.902 174.198 26.8914 31.3171
vehicle 0.515743 290.407 177.527 12.9598 13.2776
vehicle 0.47975 344.248 173.363 10.5342 12.8418
road_sign 0.439038 174.487 127.542 10.7809 11.3981
