vehicle 0.946617 197.715 194.888 101.695 78.6814
vehicle 0.94515 337.484 179.109 107.147 94.8576
vehicle 0.874593 136.369 194.869 39.2324 43.2603
vehicle 0.858159 417.145 139.75 48.2863 29.142
vehicle 0.818743 677.714 95.8474 122.662 47.4288
vehicle 0.779931 794.544 181.84 332.443 272.125
vehicle 0.719527 382.734 138.022 33.4986 29.8102
vehicle 0.668777 774.041 70.2068 74.2313 36.3224
vehicle 0.619763 251.407 163.549 18.5086 17.5927
vehicle 0.617106 263.419 162.121 12.7175 14.961
vehicle 0.590017 235.437 166.073 22.7579 18.1662
vehicle 0.488244 245.609 164.199 18.8442 17.6254
road_sign 0.675357 188.396 23.8187 10.5542 11.2272
road_sign 0.521229 48.2886 145.481 17.2611 14.5173
road_sign 0.469117 477.792 77.7775 13.9376 14.4569
road_sign 0.594448 170.261 24.4557 14.9572 12.7442
road_sign 0.443265 471.606 78.6709 16.8186 15.9873
road_sign 0.825813 65.1127 121.822 30.4276 12.3021
road_sign 0.717686 463.535 26.8958 19.2765 7.99952
road_sign 0.549427 386.236 113.511 10.7175 11.444
road_sign 0.507839 223.219 131.807 10.6497 7.27762
road_sign 0.448344 357.601 121.081 8.69058 5.00611
