vehicle 0.944682 152.994 371.123 142.212 77.59
vehicle 0.936823 571.749 346.712 79.0577 64.4864
vehicle 0.927601 262.242 348.091 79.805 54.3362
vehicle 0.880129 309.035 343.982 35.9454 41.4271
vehicle 0.87878 527.099 341.629 33.5217 35.1078
vehicle 0.878593 339.833 339.686 40.0544 31.5293
vehicle 0.810208 515.537 336.638 35.5686 32.174
vehicle 0.799214 385.478 333.747 24.3896 20.9319
vehicle 0.776298 496.542 334.173 19.2879 20.7359
vehicle 0.636975 485.018 331.453 18.5441 17.1565
vehicle 0.636861 405.06 330.682 14.3069 13.8222
vehicle 0.610756 399.595 332.1 12.7175 15.1509
vehicle 0.519729 419.23 329.942 12.9492 11.4991
vehicle 0.452916 474.942 328.578 11.632 12.1557
vehicle 0.405075 470.608 327.985 9.14094 9.31397
road_sign 0.797311 718.779 242.205 28.7507 35.5073
