vehicle 0.927319 629.79 310.778 124.459 76.9916
vehicle 0.923959 271.056 272.89 255.662 170.625
vehicle 0.914713 488.446 291.502 68.7863 60.9844
vehicle 0.852355 370.394 272.825 86.9051 102.025
vehicle 0.85104 576.387 298.373 57.1382 53.3171
vehicle 0.789593 446.127 279.459 22.1768 17.9718
vehicle 0.719662 532.649 289.402 30.7913 36.1723
vehicle 0.472869 459.494 273.593 11.5992 10.5582
vehicle 0.462774 413.625 276.191 11.309 21.3006
road_sign 0.428452 479.745 245.233 5.12703 9.27206
road_sign 0.576712 511.583 139.622 17.7362 38.4685
road_sign 0.473349 598.494 243.944 17.4179 16.2867
road_sign 0.566497 676.806 232.963 22.2032 32.0264
road_sign 0.454741 577.624 242.749 18.5399 13.3556
