vehicle 0.936561 43.3152 292.971 86.6925 89.5899
vehicle 0.910676 124.135 282.798 68.7232 41.9061
vehicle 0.905749 397.69 276.738 61.957 70.3235
vehicle 0.905585 224.547 283.404 48.459 29.5912
vehicle 0.888328 265.82 278.58 37.1335 26.6875
vehicle 0.857484 288.7 275.751 23.5434 20.7545
vehicle 0.835128 435.863 281.505 21.688 25.7361
vehicle 0.826788 306.832 274.635 17.4122 14.9053
vehicle 0.781275 200.258 279.85 24.759 25.5837
vehicle 0.498649 240.974 273.186 20.5242 16.5948
vehicle 0.490546 168.87 273.596 15.8474 7.92851
vehicle 0.403931 108.473 268.121 83.2732 40.6172
road_sign 0.83034 407.348 233.548 42.0236 24.8698
road_sign 0.561323 450.647 233.697 9.4465 7.26428
road_sign 0.443716 354.363 269.336 10.9741 9.03341
