pedestrian 0.666991 523.985 307.269 15.5407 48.0282
pedestrian 0.49126 262.439 316.747 19.5499 59.1914
vehicle 0.941159 81.8904 346.274 113.635 73.2135
vehicle 0.9347 364.699 347.071 202.09 191.946
vehicle 0.931028 476.963 325.62 74.649 60.0284
vehicle 0.92388 149.059 330.942 73.3052 51.1677
vehicle 0.881126 221.017 320.088 63.0946 21.0562
vehicle 0.478741 273.203 323.533 23.4704 33.8153
road_sign 0.790117 166.135 224.737 10.1645 21.4877
road_sign 0.775339 436.681 197.207 11.1751 23.9164
road_sign 0.761662 381.383 194.056 12.1719 25.8211
road_sign 0.723368 39.4213 253.408 9.20581 16.641
road_sign 0.854382 503.002 221.431 23.4775 24.5124
road_sign 0.842517 402.388 193.329 20.9666 14.2265
road_sign 0.812676 463.381 211.888 40.4406 10.3934
road_sign 0.71097 610.331 181.332 18.6421 32.3102
road_sign 0.700786 611.75 232.741 16.5674 14.8667
road_sign 0.688992 610.822 211.974 17.2295 24.5689
road_sign 0.680636 50.442 261.025 13.3676 8.98718
road_sign 0.434081 158.069 281.154 8.99251 9.4616
