vehicle 0.952727 497.983 337.917 134.41 82.8232
vehicle 0.932168 415.883 337.747 78.6699 56.8738
vehicle 0.931117 843.296 379.139 232.726 169.857
vehicle 0.929234 91.2754 337.329 50.198 34.2271
vehicle 0.923336 317.509 328.49 56.1408 40.864
vehicle 0.897809 282.762 328.16 33.1129 31.7127
vehicle 0.837951 154.176 325.086 24.8554 19.1742
vehicle 0.836598 235.454 325.901 22.0877 16.4581
vehicle 0.824879 260.874 329.118 26.3401 23.3127
vehicle 0.747152 130.591 323.98 18.9746 15.6333
vehicle 0.669747 211.56 320.941 16.898 12.3408
vehicle 0.603022 222.85 323.691 12.4508 14.5771
vehicle 0.451905 228.441 325.229 22.774 15.2885
road_sign 0.547027 82.2662 287.219 16.5549 6.36512
road_sign 0.429393 75.171 277.805 12.0258 5.63456
