vehicle 0.914263 811.944 317.313 200.593 85.8187
vehicle 0.880017 339.501 276.693 30.1651 13.8073
vehicle 0.842812 721.473 289.862 64.0755 34.5989
vehicle 0.797889 229.604 273.621 40.6265 13.693
vehicle 0.792039 609.995 302.559 114.616 30.145
vehicle 0.77825 122.362 269.904 29.1446 10.2526
vehicle 0.69613 192.405 269.771 37.6668 13.4335
vehicle 0.666785 391.969 282.757 52.522 15.7863
vehicle 0.657478 483.961 289.291 42.7489 14.3833
vehicle 0.651411 934.085 313.906 47.2967 45.3946
vehicle 0.629457 542.287 291.716 104.573 29.7621
vehicle 0.617648 12.8252 281.945 24.4228 17.6989
vehicle 0.591995 425.969 283.815 20.6032 13.018
vehicle 0.50594 660.405 288.804 26.2512 12.3637
vehicle 0.483875 481.657 283.542 43.5008 16.5717
vehicle 0.443624 512.589 282.76 18.1932 9.82594
vehicle 0.437714 605.63 286.716 21.9366 7.70418
road_sign 0.618413 150.434 235.142 7.55907 12.4498
road_sign 0.406835 394.641 257.281 8.00019 11.41
road_sign 0.404034 158.891 235.618 6.63682 11.7444
road_sign 0.730485 666.512 249.465 15.384 22.6104
road_sign 0.572105 407.728 265.94 21.5861 17.0177
