vehicle 0.940294 469.12 339.572 119.246 76.6023
vehicle 0.934928 812.749 399.499 289.825 264.46
vehicle 0.917378 21.4779 341.865 42.7794 81.6244
vehicle 0.916306 63.2956 323.195 87.8009 66.6096
vehicle 0.911713 198.751 305.687 33.8543 28.0871
vehicle 0.898956 116.783 316.432 52.1258 52.8469
vehicle 0.870097 417.762 325.999 55.6155 55.0053
vehicle 0.865751 370.601 314.934 29.2389 35.6722
vehicle 0.863471 401.384 317.3 57.5258 48.9929
vehicle 0.847062 160.748 308.373 46.4404 40.9205
vehicle 0.840745 151.205 314.623 30.7829 36.8127
vehicle 0.825348 524.939 305.601 43.2052 31.6001
vehicle 0.819932 221.16 303.991 22.7175 20.2873
vehicle 0.815822 247.193 298.852 20.1083 14.9924
vehicle 0.757741 355.618 305.189 31.5975 25.9134
vehicle 0.629756 331.381 299.344 16.4049 16.4683
vehicle 0.629512 274.437 298.543 13.7401 11.0202
vehicle 0.616287 472.204 293.53 54.8734 19.9423
vehicle 0.609683 309.204 295.793 18.8419 17.4499
vehicle 0.452841 322.626 297.241 10.0219 13.0369
vehicle 0.444523 285.03 298.202 10.2753 8.54821
vehicle 0.411963 296.936 297.625 9.46548 8.76338
road_sign 0.753355 882.919 196.687 34.162 38.7134
road_sign 0.69837 881.543 170.961 36.8737 21.7368
road_sign 0.411387 364.173 275.818 10.969 9.48281
