pedestrian 0.743015 829.244 351.171 22.7813 63.3771
pedestrian 0.707268 754.29 349.452 17.6404 45.828
pedestrian 0.692566 728.404 345.913 17.9074 47.3586
pedestrian 0.658461 803.022 350.212 23.18 62.45
pedestrian 0.623614 356.536 353.497 16.774 38.6841
pedestrian 0.595219 948.354 363.718 23.768 93.5641
pedestrian 0.569313 795.843 347.882 19.2704 58.9819
pedestrian 0.494171 788.385 345.683 16.8874 51.5735
pedestrian 0.499619 898.527 357.061 52.1145 105.262
vehicle 0.905511 422.309 354.097 59.2884 44.5732
vehicle 0.901189 196.482 364.483 174.152 66.6879
vehicle 0.884875 41.4456 450.81 82.7353 206.731
vehicle 0.867248 485.452 348.297 31.2518 26.9432
vehicle 0.86028 571.44 348.594 44.2801 34.124
vehicle 0.769581 83.891 372.575 58.1868 35.7197
vehicle 0.743618 462.522 347.603 21.336 19.9623
vehicle 0.671549 59.6532 366.111 62.5613 27.5594
vehicle 0.633663 268.601 354.42 52.3767 31.2784
vehicle 0.543175 390.42 348.279 14.864 12.053
vehicle 0.490838 15.8833 361.967 28.3821 18.0041
vehicle 0.416135 307.698 350.293 28.9177 23.9067
bicycle 0.640238 899.825 378.043 55.9255 76.3934
road_sign 0.560941 713.951 302.995 12.8764 13.5742
road_sign 0.417127 736.972 310.065 12.1214 11.8651
road_sign 0.509026 551.641 228.657 12.7828 27.1564
road_sign 0.439262 693.407 303.893 9.02024 14.2331
road_sign 0.418578 395.337 199.694 9.67708 29.0627
road_sign 0.620652 373.721 202.23 15.1866 35.5142
road_sign 0.818817 319.9 299.529 17.4281 18.5043
road_sign 0.788442 697.927 257.61 24.6006 10.3665
road_sign 0.716603 319.678 281.601 17.1109 21.0175
road_sign 0.594561 513.762 332.694 8.85456 8.30243
road_sign 0.56886 625.785 292.241 20.0969 9.2616
road_sign 0.512024 380.96 325.234 10.4243 10.1439
road_sign 0.459149 626.771 287.795 19.7534 9.98427
road_sign 0.455828 342.158 302.078 14.2283 14.398
