vehicle 0.95279 230.034 364.982 175.432 121.53
vehicle 0.946126 428.069 355.531 100.916 102.191
vehicle 0.918218 342.199 352.111 65.1163 48.9604
vehicle 0.90085 58.6152 358.584 117.791 55.9254
vehicle 0.878568 646.666 335.317 67.8627 25.6345
vehicle 0.700125 380.298 343.093 15.0747 25.6345
vehicle 0.669311 304.867 337.305 35.5221 27.4047
vehicle 0.563018 369.018 339.407 15.7432 18.8022
road_sign 0.926829 717.268 200.756 75.3501 76.3019
road_sign 0.920766 712.214 126.459 83.8134 66.7951
road_sign 0.89514 222.053 64.8098 176.768 90.1759
road_sign 0.870721 717.136 256.418 39.0706 34.7271
road_sign 0.854772 538.388 295.766 25.0884 19.9943
road_sign 0.809444 510.242 93.7489 210.168 58.3564
road_sign 0.752529 36.0387 95.8945 71.1475 108.949
road_sign 0.681765 507.527 48.5146 115.096 33.1209
road_sign 0.627401 148.393 302.176 18.2715 23.0028
road_sign 0.624352 169.922 258.85 19.8414 39.1062
