vehicle 0.960001 276.933 373.761 120.255 80.6582
vehicle 0.95208 480.047 366.639 113.762 102.217
vehicle 0.922955 368.236 355.966 35.2229 28.1762
vehicle 0.754004 414.979 353.858 20.0519 16.0568
vehicle 0.700104 391.31 352.591 18.1446 15.0557
vehicle 0.561105 569.712 352.87 17.2611 16.0277
vehicle 0.551226 427.891 356.642 10.7485 20.6333
vehicle 0.511556 403.28 349.61 13.8832 14.4017
vehicle 0.442832 553.856 354.615 19.769 10.0935
road_sign 0.598171 454.577 308.988 5.99061 12.9461
road_sign 0.472626 399.008 309.666 6.53744 11.1744
road_sign 0.842287 202.728 278.249 24.8222 28.0041
road_sign 0.80862 394.771 329.246 21.4763 12.075
road_sign 0.790146 414.08 329.605 17.6844 10.5902
road_sign 0.566543 193.451 257.788 15.8402 14.4569
