pedestrian 0.609527 450.447 363.816 9.96879 25.491
pedestrian 0.592358 462.28 364.065 11.6125 26.4539
vehicle 0.928922 33.8964 365.241 68.0045 47.0757
vehicle 0.921234 306.365 366.096 93.4422 34.4016
vehicle 0.825218 497.826 367.519 60.4487 28.1498
vehicle 0.802349 866.917 366.478 59.5576 25.0995
vehicle 0.786 233.736 363.583 35.5645 21.5337
vehicle 0.772879 713.253 367.686 35.7158 19.1238
vehicle 0.767517 149.989 362.078 125.732 38.1192
vehicle 0.582477 832.904 367.292 34.6662 20.1248
vehicle 0.521607 807.367 365.662 43.1929 23.3039
vehicle 0.484417 767.799 367.023 37.2308 22.6121
vehicle 0.452696 788.06 366.3 73.7795 25.2311
road_sign 0.896402 902.434 208.704 80.079 72.352
road_sign 0.763168 277.574 312.413 22.7081 21.1375
road_sign 0.744271 501.26 317.502 13.631 17.8805
