vehicle 0.934196 547.151 346 73.9604 59.5303
vehicle 0.908962 887.771 395.25 144.611 228.814
vehicle 0.879563 322.665 344.885 40.0132 34.0861
vehicle 0.738674 483.639 342.695 19.4156 22.2094
vehicle 0.721872 503.962 346.371 22.7421 27.2639
vehicle 0.704594 373.609 343.041 18.3613 13.2293
vehicle 0.63793 496.193 344.974 25.4237 25.9773
vehicle 0.550287 467.011 341.189 20.0023 17.2818
vehicle 0.514305 293.929 343.518 17.6297 10.8036
vehicle 0.49879 447.343 338.138 10.6251 11.1307
vehicle 0.493497 472.722 342.174 15.813 18.2652
vehicle 0.487459 428.631 337.657 11.5365 10.1771
vehicle 0.48703 385.893 341.268 11.0098 10.7747
road_sign 0.67406 683.535 268.673 15.3869 22.7683
road_sign 0.505662 281.25 306.21 7.87981 10.3274
