vehicle 0.843729 234.526 273.739 56.8401 37.1088
vehicle 0.762166 160.267 275.514 45.1697 27.2981
vehicle 0.657994 201.106 268.261 18.6676 15.3233
vehicle 0.62019 33.9601 274.36 54.4788 26.5019
road_sign 0.448122 558.571 266.266 8.06079 10.8955
road_sign 0.439868 538.935 266.548 7.52527 9.85877
road_sign 0.891485 745.396 237.866 54.5386 27.2981
road_sign 0.865374 453.522 233.639 27.7347 29.4622
road_sign 0.853046 387.242 174.071 73.0857 58.7713
road_sign 0.807715 389.389 217.335 72.6946 26.2858
road_sign 0.793327 663.391 270.695 15.5307 15.3222
road_sign 0.70901 729.126 288.503 10.8916 11.1232
road_sign 0.693881 362.827 244.97 13.4964 16.9515
road_sign 0.684818 381.815 236.455 22.4343 18.9735
road_sign 0.656147 758.744 291.418 13.0016 12.1315
road_sign 0.630245 321.538 249.68 9.64677 11.9925
road_sign 0.482488 620.536 281.067 17.1555 7.47972
