pedestrian 0.76006 456.843 226.175 18.9356 63.2541
vehicle 0.959164 807.567 230.731 203.712 127.679
vehicle 0.956241 279.454 260.194 246.838 150.978
vehicle 0.938783 132.881 316.075 264.812 224.425
vehicle 0.926069 408.524 248.386 81.4453 75.0221
vehicle 0.85756 631.157 199.1 46.6278 52.9213
vehicle 0.820979 508.067 213.943 41.3792 33.1926
vehicle 0.600297 534.082 210.545 18.471 24.0816
vehicle 0.550483 547.952 207.295 12.6557 17.6776
road_sign 0.754983 742.688 128.533 20.0491 21.1504
road_sign 0.577137 345.408 144.128 21.5861 17.3756
